442 22
0 1 1 1 0 0 2 2 2 2 2 0 0 0 0 0 1 2 0 0 1 3 
0 1 1 2 2 2 1 1 2 0 1 1 0 0 0 0 1 1 1 1 0 0 
1 0 1 1 0 2 1 3 1 0 1 3 0 0 1 1 1 1 0 3 0 0 
1 1 1 0 1 1 3 1 0 1 1 2 1 0 1 0 0 0 0 0 1 0 
2 3 2 2 1 1 2 2 3 2 0 0 0 0 1 1 1 3 0 0 0 3 
3 3 2 3 0 1 3 1 1 0 3 0 2 0 2 0 0 1 0 1 0 1 
3 2 0 2 1 1 1 3 2 0 1 3 0 0 2 0 1 0 0 3 1 0 
0 1 0 0 2 1 0 1 1 1 0 2 1 0 0 2 0 1 1 1 0 1 
2 1 0 1 2 1 1 1 2 1 0 0 0 0 2 1 0 2 1 1 0 0 
2 1 0 2 2 1 1 1 2 1 0 0 0 0 2 1 0 2 0 1 0 0 
0 1 1 0 1 1 1 1 1 0 1 0 0 0 1 0 0 0 0 1 1 1 
0 1 0 0 0 0 1 1 1 0 1 0 1 1 1 0 0 0 0 1 1 2 
1 1 2 0 2 2 1 0 0 0 1 0 1 0 0 1 0 2 1 0 0 1 
0 1 1 1 1 1 1 0 0 0 0 1 1 0 1 0 0 0 1 1 1 0 
0 1 1 1 1 1 0 0 0 0 0 1 1 0 1 0 0 0 1 0 2 0 
0 0 0 0 0 0 1 1 1 0 1 0 1 0 1 2 0 0 0 1 0 0 
1 1 1 1 0 1 0 1 1 1 0 1 1 0 0 0 0 1 1 1 1 0 
0 0 0 0 1 1 0 1 1 1 0 2 1 0 0 0 0 1 1 1 1 0 
0 2 0 1 1 1 1 0 1 0 0 1 1 0 2 2 0 0 1 1 0 0 
0 2 0 1 1 1 0 0 1 0 0 1 1 0 2 2 0 0 1 0 1 0 
0 1 1 0 0 0 1 1 2 0 1 0 1 0 0 0 0 0 0 1 1 0 
1 2 0 1 0 1 0 1 0 1 0 1 1 0 1 2 0 1 1 1 0 0 
0 2 1 1 2 1 0 0 0 0 0 1 1 0 1 2 0 0 1 0 0 1 
0 2 0 1 1 2 1 0 0 0 0 1 0 0 1 1 0 0 1 1 0 1 
0 2 0 1 1 2 0 0 0 0 0 1 0 0 1 1 0 0 1 0 1 1 
0 1 1 0 0 1 1 1 1 0 1 0 0 0 1 1 0 0 0 1 1 1 
1 2 0 1 0 2 0 1 1 1 0 1 0 0 0 1 0 1 1 1 0 1 
0 1 1 0 1 2 0 1 1 1 0 2 0 0 0 1 0 1 1 1 0 1 
0 1 1 0 3 0 1 2 2 1 0 2 0 0 0 0 1 1 1 1 0 0 
0 0 0 0 2 0 1 2 1 2 1 3 1 0 1 0 0 1 0 0 0 0 
1 0 1 1 1 0 1 0 1 1 0 0 0 0 1 1 1 1 0 1 0 0 
1 1 0 1 1 0 1 1 0 0 0 1 0 1 0 2 1 0 0 2 0 0 
0 0 0 0 1 0 3 0 1 1 2 2 0 1 1 1 0 0 0 0 0 0 
1 1 1 2 2 1 3 2 0 0 2 1 1 0 1 0 0 0 0 2 1 0 
0 0 1 0 2 0 1 1 0 0 0 0 0 1 0 2 1 0 0 2 0 0 
3 0 1 0 1 0 3 0 1 1 3 1 0 3 2 3 0 1 0 0 0 0 
0 0 2 2 1 0 0 1 3 2 1 0 1 0 1 0 2 1 0 0 0 3 
0 0 1 1 1 2 0 1 2 2 0 1 0 0 0 1 2 1 0 1 2 1 
1 0 2 3 0 0 1 0 1 0 2 0 1 0 0 1 3 1 0 1 0 1 
1 2 0 3 2 1 1 0 1 1 2 2 0 0 0 0 3 1 0 0 0 0 
1 2 2 1 1 0 0 2 1 0 0 0 1 2 1 1 2 1 0 0 0 3 
2 1 0 1 0 1 2 1 2 2 2 2 1 0 0 1 0 2 0 0 1 3 
3 1 0 0 1 1 3 0 0 0 1 2 1 0 1 0 1 0 0 1 1 1 
2 1 0 2 2 1 1 0 2 0 1 1 1 0 0 1 0 1 1 1 0 0 
3 0 2 1 0 1 1 2 1 0 1 1 1 0 1 0 0 1 0 3 0 0 
3 1 2 0 1 0 3 0 0 1 1 0 0 0 1 1 1 0 0 0 1 0 
1 0 1 1 0 0 2 1 2 3 0 2 1 0 2 0 2 1 0 1 1 3 
1 0 0 0 0 2 2 1 1 3 1 1 0 0 1 1 2 1 0 0 1 1 
0 0 1 2 1 0 3 0 0 1 3 2 1 0 1 1 3 1 0 0 1 1 
1 1 0 0 1 2 1 0 1 0 0 2 0 0 1 0 3 0 0 0 0 0 
1 2 1 0 2 2 1 0 2 1 1 1 1 0 2 0 2 2 1 0 0 0 
1 1 2 1 2 0 0 1 1 0 0 0 1 1 2 1 0 2 0 1 0 0 
2 2 2 2 1 0 0 2 0 2 1 2 0 0 1 1 1 1 0 0 0 0 
1 1 3 1 2 0 0 2 0 2 1 3 0 0 1 1 1 1 0 0 0 0 
0 1 1 1 0 2 1 1 1 0 2 2 0 0 0 1 0 3 0 1 1 3 
0 1 0 0 0 0 1 1 0 0 1 1 1 0 1 0 0 1 0 0 1 1 
0 1 0 1 1 0 0 0 0 2 1 0 0 1 1 1 0 0 0 0 1 0 
1 1 1 2 1 2 2 0 1 2 1 2 2 0 1 0 1 1 0 0 1 1 
0 0 0 0 1 0 0 0 0 3 2 2 1 0 1 1 1 2 0 0 0 0 
0 1 1 0 2 0 0 0 1 2 1 1 0 0 0 1 0 0 1 0 0 0 
0 0 0 0 0 0 2 2 2 0 1 1 0 1 1 0 1 1 0 1 0 0 
1 1 2 1 0 0 1 1 2 2 1 2 0 0 1 0 1 3 0 0 0 3 
1 1 2 0 2 2 0 0 2 0 0 1 0 0 1 0 1 0 1 1 1 0 
2 0 0 1 0 2 0 2 1 0 0 1 0 0 2 1 1 0 0 3 1 0 
2 1 0 2 1 1 2 0 0 1 2 0 1 0 2 0 0 1 0 0 0 0 
3 0 1 3 1 0 2 0 0 0 1 0 0 0 2 0 0 0 0 0 0 0 
2 2 2 1 1 1 1 1 1 1 1 2 0 0 0 0 1 3 0 0 0 3 
2 0 2 0 3 1 0 0 1 1 0 1 0 0 0 0 1 0 1 1 1 0 
3 1 0 1 1 1 0 2 0 1 0 1 0 0 1 1 1 0 0 3 1 0 
3 0 0 2 2 0 2 0 1 0 2 0 1 0 1 0 0 1 0 0 0 0 
2 2 0 1 1 2 0 1 1 1 0 2 1 0 0 1 0 0 1 1 2 3 
2 2 0 1 1 2 1 1 1 1 0 2 1 0 0 1 0 0 1 0 3 3 
1 2 0 1 0 2 1 0 0 0 0 2 1 0 1 1 0 1 1 1 2 3 
0 1 0 0 0 0 2 2 2 2 0 3 1 0 2 0 2 1 0 1 1 3 
0 1 1 1 0 2 2 2 1 2 1 2 0 0 1 1 2 1 0 0 1 1 
0 0 1 1 1 2 1 1 1 1 0 3 0 0 1 0 3 0 0 0 0 0 
0 1 0 1 2 2 1 1 2 0 1 2 1 0 2 0 2 2 1 0 0 0 
0 0 0 1 1 3 1 1 1 1 0 3 0 0 1 0 3 0 0 0 0 0 
0 0 1 0 1 2 1 1 1 1 0 3 0 0 1 0 3 0 1 0 0 0 
1 0 2 0 0 2 1 3 1 0 1 0 1 0 1 1 2 2 0 2 0 0 
2 1 1 1 0 0 2 0 0 3 1 0 0 0 1 0 1 3 0 0 0 3 
2 0 0 0 1 2 1 1 1 0 1 0 1 0 2 0 0 2 0 1 1 0 
2 1 1 0 2 2 1 1 0 1 0 1 0 0 1 0 1 0 1 1 1 0 
1 0 1 1 0 2 1 1 1 1 0 3 0 0 2 1 1 0 0 3 1 0 
1 1 1 2 2 0 1 0 1 1 0 0 0 0 1 0 0 1 0 2 0 1 
1 1 1 2 2 0 0 0 1 1 0 0 0 0 1 0 1 1 0 1 1 1 
1 1 2 1 3 0 0 0 0 1 0 1 0 1 0 2 1 1 1 1 0 1 
1 0 1 1 2 0 0 0 1 2 1 2 1 1 1 2 2 1 0 0 0 1 
1 0 2 1 1 1 1 1 0 1 1 1 0 0 1 2 1 1 1 0 1 1 
2 0 0 2 1 0 0 2 1 1 0 1 0 1 1 1 1 1 0 1 0 1 
0 1 1 2 1 0 0 1 2 0 0 0 0 0 0 0 1 0 0 2 0 1 
1 0 1 1 1 0 2 2 3 1 2 1 0 0 1 1 2 0 0 0 0 1 
1 0 2 1 2 0 0 1 2 0 0 1 0 0 0 0 1 0 0 2 0 1 
2 0 0 0 1 1 0 2 1 2 0 4 0 0 0 0 1 1 0 2 1 0 
1 1 0 2 0 1 2 3 1 1 0 3 1 0 0 2 1 1 1 0 1 0 
1 1 0 1 0 1 2 2 1 2 0 1 1 0 1 1 0 1 0 1 0 0 
1 1 0 2 0 0 3 1 1 2 0 0 1 2 0 1 3 0 0 0 0 0 
1 1 1 1 1 0 1 1 2 1 0 2 0 0 2 0 1 1 1 1 0 1 
1 2 1 0 1 0 1 2 0 1 1 0 1 0 0 0 0 1 1 0 0 1 
1 0 1 1 1 0 1 1 0 2 1 0 0 1 1 1 1 0 1 0 0 1 
1 2 0 0 1 1 1 2 0 1 1 0 0 0 0 0 0 1 1 0 0 1 
1 2 1 0 0 0 1 2 0 1 1 0 1 1 0 0 0 1 1 0 0 2 
1 0 1 1 0 0 1 1 0 2 1 0 0 2 1 1 1 0 1 0 0 2 
1 1 1 0 0 0 1 2 0 1 1 0 1 0 0 2 0 1 1 0 1 0 
1 0 2 1 0 1 1 1 2 1 0 2 0 0 2 2 1 1 1 1 1 0 
1 1 1 1 0 0 1 1 0 2 1 0 0 1 1 1 1 0 1 0 1 0 
1 2 0 0 0 0 1 2 1 1 1 0 1 0 1 0 0 1 1 0 0 0 
1 1 1 1 0 1 1 1 3 1 0 2 0 0 1 0 1 1 1 1 0 0 
1 0 0 1 0 0 1 1 1 2 1 0 0 1 0 1 1 0 1 0 0 0 
1 2 0 0 0 1 1 2 0 1 1 0 0 0 0 1 0 1 1 0 0 1 
1 1 1 1 0 0 1 1 2 1 0 2 1 0 2 1 1 1 1 1 0 1 
2 0 0 2 0 1 0 1 1 1 1 1 0 0 0 0 1 1 0 0 1 0 
2 0 0 0 1 2 1 1 1 1 0 1 2 0 1 0 0 1 0 0 0 0 
1 1 0 2 1 0 0 1 4 1 0 3 0 1 1 0 1 1 0 2 1 0 
1 0 1 1 1 1 0 2 2 1 1 3 0 0 1 2 2 0 1 0 0 0 
2 1 1 1 1 0 1 1 2 2 0 2 1 0 0 0 3 0 0 2 1 0 
0 0 1 0 1 0 1 1 0 0 2 0 0 0 1 0 0 1 0 0 1 0 
1 1 1 0 1 0 1 2 0 0 1 2 1 2 0 1 3 0 0 2 1 0 
0 0 1 0 1 0 0 1 1 2 0 2 1 0 0 1 0 1 0 2 1 0 
1 1 1 2 0 0 2 2 1 1 0 1 0 0 0 1 0 1 1 0 1 0 
1 1 1 1 0 0 2 1 1 2 0 1 0 0 1 0 1 1 0 1 0 0 
2 2 0 1 0 1 2 1 1 3 2 1 0 0 1 1 3 2 0 0 0 0 
1 0 2 1 1 0 0 2 1 2 2 2 1 0 1 0 1 0 0 0 0 0 
2 0 0 2 1 1 1 1 0 0 0 2 0 0 0 1 0 2 0 1 1 0 
0 1 0 0 0 0 0 1 0 1 0 0 1 1 0 0 0 0 0 1 0 0 
1 1 0 0 0 1 1 2 0 1 0 1 1 0 0 1 0 2 1 1 1 0 
2 0 1 1 1 0 1 1 0 1 0 0 1 1 0 0 0 1 0 1 0 1 
1 1 0 1 0 1 1 1 0 0 0 1 1 0 1 0 1 0 0 0 0 0 
2 0 0 0 0 2 0 1 0 0 1 0 2 0 1 1 1 2 0 1 0 0 
0 0 2 1 1 0 2 3 2 0 2 0 2 0 1 0 1 2 1 0 0 0 
0 1 1 0 0 0 2 0 1 2 1 2 1 2 1 1 3 1 0 0 1 0 
1 0 1 0 0 0 0 1 1 2 0 0 2 0 2 0 0 2 0 2 1 0 
0 1 2 3 1 0 1 1 1 1 0 2 1 0 1 0 1 1 0 2 0 0 
1 2 2 1 0 0 1 2 1 0 0 1 0 0 1 2 1 1 1 0 0 0 
1 0 2 2 0 0 1 1 1 1 0 1 0 0 2 1 0 1 0 1 1 0 
1 2 1 0 1 0 1 2 0 0 1 1 0 1 0 0 1 1 0 1 1 0 
1 2 1 0 1 0 1 2 0 0 1 1 1 0 0 2 1 2 1 0 0 0 
0 1 1 0 1 1 0 1 0 1 0 0 2 0 1 0 0 2 0 2 1 0 
2 0 0 2 0 2 1 0 1 0 1 2 2 0 1 0 0 0 1 1 2 3 
1 1 1 1 0 0 0 0 3 0 0 3 2 0 3 1 1 1 1 1 2 3 
0 0 0 0 3 0 1 0 0 0 2 4 3 1 1 1 0 2 2 3 0 1 
1 1 1 0 0 1 2 2 1 2 2 2 0 0 1 1 3 2 0 0 0 0 
3 1 0 0 0 1 2 1 1 2 1 3 1 0 1 2 1 2 1 0 0 0 
3 1 0 0 0 0 3 1 1 3 1 0 1 2 1 1 3 1 0 0 1 0 
4 0 0 0 0 0 1 0 1 3 0 2 2 0 2 0 0 2 0 2 1 0 
1 1 1 1 1 0 0 1 1 0 1 0 1 0 0 1 1 1 0 2 0 1 
0 0 0 2 1 2 1 1 1 0 0 1 1 0 2 2 0 0 0 0 0 1 
1 0 0 2 2 0 1 1 1 0 1 0 1 0 0 1 1 0 0 0 0 0 
1 0 0 1 1 1 2 2 2 2 0 2 1 0 1 0 1 1 0 1 0 0 
1 2 1 0 0 1 1 2 0 1 1 0 1 0 0 0 0 1 1 0 0 2 
0 1 1 1 1 1 0 1 1 2 1 1 0 0 2 1 0 2 1 0 1 2 
1 1 0 0 1 0 2 0 1 0 1 2 0 2 0 0 1 0 0 1 0 0 
1 1 3 1 2 2 1 2 1 0 2 2 0 0 1 0 2 0 0 1 2 0 
2 1 1 2 1 1 2 0 1 2 0 1 1 0 1 0 0 0 0 2 0 0 
1 0 1 1 1 0 2 1 2 2 0 0 0 0 1 1 0 1 0 1 0 0 
3 1 0 1 1 0 0 0 1 2 0 1 1 1 2 0 1 0 0 2 0 0 
3 0 0 2 0 0 1 1 1 1 0 0 1 3 0 0 0 0 0 3 0 0 
1 1 1 1 0 0 3 1 0 1 0 0 0 1 0 1 0 1 1 0 1 0 
2 1 0 1 1 1 2 1 2 3 2 0 0 0 1 0 2 2 0 0 0 0 
1 1 0 0 0 0 1 2 0 1 0 1 0 2 0 1 0 1 0 0 0 0 
0 1 0 0 1 0 1 0 0 0 0 1 2 0 1 0 0 1 0 1 0 0 
1 0 0 1 1 1 1 1 1 0 0 0 1 0 1 1 0 0 0 0 0 0 
0 0 2 1 1 0 0 1 1 0 0 0 1 2 2 0 0 2 0 0 1 0 
1 1 2 2 1 0 1 1 2 1 0 0 0 0 2 0 1 1 0 1 1 0 
3 1 3 1 0 0 0 1 1 0 0 0 1 3 1 1 1 0 0 3 1 0 
1 2 2 2 0 0 2 1 0 0 0 0 0 1 1 2 1 1 1 0 0 0 
3 1 2 0 1 0 0 1 2 0 1 0 0 3 0 1 1 1 0 3 1 0 
1 0 1 0 1 1 2 2 2 2 2 1 0 0 1 0 2 2 0 0 0 0 
2 2 2 1 2 4 1 1 1 0 3 3 1 0 0 0 1 0 0 2 3 0 
1 0 2 2 2 0 3 1 2 4 4 1 1 0 1 0 1 0 0 0 2 0 
2 1 1 1 2 0 3 2 2 3 4 0 1 0 1 0 1 0 0 0 2 0 
2 2 3 3 2 0 1 1 0 2 1 1 1 1 2 0 1 2 0 0 1 0 
1 1 0 0 2 2 2 2 1 2 2 2 0 0 0 1 0 1 0 0 1 0 
1 1 0 1 1 0 1 2 0 2 2 2 1 0 1 1 1 1 0 0 0 0 
1 1 0 1 0 0 1 2 0 2 2 2 1 1 1 1 1 1 0 0 0 1 
1 0 1 0 1 1 2 2 1 2 2 2 0 0 0 1 0 1 0 0 2 1 
1 0 0 1 0 0 1 2 0 2 2 2 1 0 1 1 1 1 0 0 1 1 
1 1 0 0 1 1 2 2 2 2 2 2 0 0 1 1 0 1 0 0 1 1 
1 1 1 1 0 0 1 2 1 2 2 2 1 0 0 1 1 1 0 0 0 1 
1 1 1 0 2 1 2 2 1 2 2 2 0 0 0 1 0 1 0 0 0 0 
1 1 0 0 1 2 2 2 1 2 2 2 1 0 0 0 0 1 0 0 1 0 
1 0 0 0 1 0 2 2 1 0 1 1 1 1 0 0 0 1 1 0 1 1 
1 0 1 1 3 0 2 0 2 0 2 0 0 2 2 3 2 1 1 0 0 1 
0 0 2 2 3 0 1 2 0 0 2 1 0 1 2 1 0 1 1 0 0 0 
1 1 1 2 1 0 0 2 1 0 2 2 1 1 2 1 0 0 0 1 1 0 
0 1 1 1 1 0 2 1 1 1 1 0 1 0 2 1 3 2 0 0 1 0 
2 1 0 1 0 1 2 1 1 2 0 1 0 0 2 0 2 2 0 2 1 0 
0 1 1 1 0 0 1 1 0 0 0 1 1 0 2 0 2 3 0 1 1 0 
2 2 2 3 1 0 0 0 1 1 2 0 1 0 1 0 0 1 0 0 1 0 
0 0 1 0 0 1 0 0 0 1 0 0 1 0 0 1 0 0 0 0 0 0 
2 3 1 0 0 0 2 1 0 1 1 0 2 0 2 0 3 2 0 0 0 0 
1 1 1 1 0 0 2 0 2 3 0 0 2 2 2 1 3 2 0 0 0 0 
4 2 2 1 1 0 0 0 3 0 1 0 0 0 0 0 0 0 0 0 0 0 
1 3 0 0 0 1 0 0 0 2 0 3 0 0 0 2 0 0 0 0 0 0 
1 2 1 1 1 0 1 1 1 1 1 2 1 0 0 0 0 0 0 0 0 0 
0 1 0 0 1 1 1 1 1 2 2 2 2 0 0 0 0 1 0 0 0 0 
0 1 1 1 0 1 1 1 2 2 1 2 1 0 1 0 0 0 0 0 0 0 
2 2 3 2 1 0 0 0 1 1 0 3 2 0 3 0 3 2 0 1 1 0 
2 2 0 1 2 3 2 1 0 1 2 2 0 0 1 2 0 1 1 0 0 1 
1 1 1 1 0 0 1 2 0 2 2 2 0 0 1 0 1 3 1 0 0 1 
1 1 1 1 1 1 1 2 1 2 2 2 0 0 0 0 1 3 1 0 0 0 
0 1 0 1 0 0 0 3 0 0 3 3 0 1 0 1 3 1 0 1 1 0 
1 0 2 2 1 0 2 3 1 2 3 0 0 1 1 0 3 1 0 0 0 0 
2 2 1 2 1 3 1 1 0 0 1 0 0 0 2 3 2 1 1 2 1 0 
0 0 0 2 1 4 1 0 0 0 0 0 0 0 0 4 1 1 0 2 2 0 
2 1 2 1 0 3 1 0 1 0 1 2 0 0 1 3 1 0 0 2 1 0 
1 1 0 1 0 4 0 0 1 0 0 2 1 0 2 4 2 1 0 2 2 0 
0 1 2 0 0 4 1 1 1 0 1 3 0 0 1 4 1 1 0 1 1 0 
1 0 2 0 3 2 2 1 2 3 2 2 0 0 0 2 1 0 0 0 2 0 
2 1 1 1 1 1 2 0 1 0 2 4 0 0 0 0 0 1 0 2 0 3 
2 1 1 1 0 0 1 0 1 0 1 2 2 0 1 0 1 1 0 2 1 3 
2 1 0 2 1 1 2 0 0 0 1 3 1 0 1 1 0 1 0 1 2 1 
1 2 0 1 0 1 0 0 0 0 1 0 0 0 0 0 1 1 0 0 1 1 
2 1 0 0 0 2 1 0 0 0 0 1 1 0 0 1 1 1 0 1 1 1 
0 2 0 1 1 0 1 1 0 1 1 0 1 0 1 1 0 0 0 0 0 0 
1 0 0 1 1 1 1 2 0 1 1 1 0 0 1 2 0 1 0 0 1 0 
2 2 1 1 1 1 1 1 1 2 1 1 1 0 0 0 0 1 0 0 1 1 
1 1 0 1 1 1 1 1 0 3 2 1 0 0 0 1 0 2 0 0 0 0 
2 1 1 0 2 2 0 1 1 2 0 1 2 0 1 0 1 2 1 1 0 0 
1 1 0 0 1 1 1 1 0 3 2 1 0 0 0 1 0 2 1 0 0 0 
2 0 0 2 2 1 1 1 0 3 2 4 1 0 1 0 1 0 0 0 1 0 
2 0 1 1 0 0 1 1 0 2 2 2 0 1 1 1 1 1 0 0 0 1 
2 0 0 0 1 2 0 1 0 3 1 2 1 0 0 0 0 0 0 0 0 0 
1 1 1 0 0 0 0 1 1 1 0 0 0 0 1 0 0 1 1 1 1 0 
2 0 1 2 1 0 2 0 1 2 0 3 0 1 1 0 0 2 1 0 2 0 
1 0 2 1 0 1 0 0 1 1 1 2 1 0 1 0 1 1 1 0 1 0 
1 1 1 1 0 0 0 0 1 2 0 0 1 1 0 1 1 0 1 1 1 0 
0 0 0 1 0 1 1 1 1 0 1 1 0 0 0 2 0 0 0 1 0 0 
1 2 0 1 0 0 0 0 1 0 1 0 1 0 0 1 0 1 0 0 0 0 
0 1 1 0 0 2 1 0 3 0 0 1 1 0 2 2 1 0 0 2 0 0 
1 1 1 0 1 0 1 0 1 0 1 0 1 0 0 1 0 0 0 2 0 1 
2 0 1 1 1 0 1 1 2 1 1 1 1 0 1 0 1 0 0 0 0 1 
1 1 1 0 1 1 1 1 1 0 1 2 0 0 0 2 0 0 0 1 0 0 
0 1 1 0 1 0 0 0 1 0 1 1 1 0 0 1 0 1 0 0 0 0 
1 0 2 1 1 2 1 0 3 0 0 0 1 0 2 2 1 0 0 2 0 0 
2 0 2 1 0 0 1 0 1 0 1 1 1 0 0 1 0 0 0 2 0 1 
1 1 1 0 1 1 0 0 0 0 2 2 1 0 1 0 0 3 0 1 1 3 
1 0 0 0 0 0 0 1 0 1 1 0 1 2 1 1 0 0 0 0 1 1 
0 0 0 0 1 0 0 1 0 0 1 0 1 0 0 0 0 0 0 1 1 1 
1 1 0 1 1 1 0 0 1 0 1 1 0 0 0 1 0 1 0 0 1 1 
0 1 2 1 1 0 1 0 1 0 1 1 0 2 1 0 0 1 0 0 0 1 
1 0 0 0 1 1 1 1 1 1 1 0 1 0 1 0 0 2 1 0 1 0 
1 0 0 1 1 0 1 2 0 1 1 1 0 1 1 2 0 1 0 0 1 0 
0 1 2 0 0 0 0 1 1 2 1 0 1 1 3 1 0 2 0 0 2 0 
1 1 0 0 1 0 1 2 0 2 2 1 1 2 1 0 1 1 0 0 0 0 
1 0 0 1 0 1 1 1 1 3 2 2 0 0 0 0 1 2 0 0 0 0 
0 0 2 1 0 0 0 1 1 3 2 2 0 2 1 1 1 0 0 0 1 0 
1 2 1 0 2 0 1 2 1 1 1 0 0 2 0 0 0 1 1 0 0 0 
1 1 1 1 1 1 1 1 0 2 1 1 1 0 1 0 0 0 1 0 0 0 
1 0 0 0 0 1 1 1 1 3 2 2 0 0 0 0 1 2 1 0 0 0 
0 0 2 0 0 0 0 1 1 3 2 2 0 2 1 1 1 0 1 0 1 0 
0 1 0 0 0 0 1 0 0 3 2 1 1 0 0 1 1 1 0 0 0 0 
1 0 1 1 1 0 0 0 0 2 0 1 1 1 0 0 0 0 1 1 1 0 
1 0 0 0 0 0 1 0 3 1 0 1 0 2 1 1 0 1 1 1 1 0 
1 1 1 1 0 0 1 0 2 1 0 1 1 0 1 2 0 2 0 2 2 0 
0 0 2 0 1 2 1 1 2 1 0 1 0 0 0 0 0 1 0 2 0 0 
0 0 0 0 0 1 2 0 0 0 1 0 1 0 0 0 0 1 1 0 1 0 
0 1 0 0 1 0 1 2 2 0 1 0 2 1 0 0 1 0 0 0 0 0 
0 1 2 2 1 0 2 1 1 0 1 0 1 3 1 1 1 0 0 3 1 0 
2 2 1 1 1 0 0 1 0 0 1 0 0 1 1 2 1 1 1 0 0 0 
1 1 1 0 1 0 1 1 1 0 1 2 0 1 0 2 0 0 0 1 0 0 
1 0 1 0 3 0 0 1 2 3 1 3 0 0 2 1 2 1 0 0 3 1 
2 0 2 0 2 1 1 1 2 4 4 4 0 0 0 3 4 1 0 0 2 1 
1 1 0 1 0 0 2 2 1 2 2 1 1 0 1 1 0 1 1 0 0 1 
1 0 0 0 0 0 2 2 1 3 3 3 0 1 1 1 1 1 1 0 1 1 
1 0 1 0 1 0 1 1 2 0 1 1 1 2 1 1 0 0 1 2 2 0 
1 0 0 0 1 0 0 0 3 0 0 2 1 0 1 0 1 0 1 1 1 1 
1 0 1 1 0 1 1 0 2 0 0 2 2 0 0 0 0 0 1 1 0 1 
0 0 1 1 1 0 0 1 1 0 2 2 0 3 0 0 0 0 1 2 1 1 
1 0 0 0 0 0 0 1 1 0 2 2 1 1 2 1 1 0 0 3 1 1 
1 0 1 1 2 0 1 0 3 1 0 2 0 1 1 2 2 1 1 0 0 1 
0 1 0 1 0 0 2 0 2 1 0 3 1 1 1 2 2 0 0 1 1 1 
1 0 0 1 1 0 1 1 2 0 2 0 0 1 2 1 1 1 1 2 0 1 
0 0 0 0 0 2 0 0 0 0 2 3 1 0 2 1 2 1 0 2 2 3 
0 0 0 0 0 2 0 0 1 0 2 3 1 0 2 1 2 0 0 2 2 3 
0 0 1 1 0 0 0 0 0 0 1 2 0 0 1 0 2 2 0 1 0 1 
0 1 1 2 1 0 1 0 1 0 1 2 1 1 0 0 1 1 0 0 1 1 
0 1 1 1 0 0 2 1 1 2 1 1 2 0 2 1 1 2 0 0 1 0 
0 1 0 2 1 0 2 1 0 2 1 2 2 1 1 1 1 2 1 0 0 0 
0 0 0 2 1 1 1 0 0 2 0 2 2 0 0 1 1 2 1 1 1 0 
0 0 1 2 1 0 0 1 3 0 1 2 2 0 0 0 2 1 0 1 0 0 
2 3 3 2 1 0 2 2 3 3 0 0 1 0 1 0 1 3 0 0 0 3 
2 2 2 1 2 2 1 1 2 0 0 0 2 0 2 0 0 2 0 1 1 0 
3 2 0 1 0 0 2 1 1 0 0 0 1 1 0 1 0 2 3 1 1 4 
1 0 1 1 1 2 1 0 2 0 0 2 1 0 0 1 0 2 0 1 0 0 
0 0 1 1 0 2 1 1 2 2 0 1 0 0 0 3 1 0 0 1 0 1 
1 0 2 1 1 4 2 0 1 0 2 0 1 0 0 3 2 0 0 1 2 1 
0 1 1 1 1 2 0 0 2 1 1 0 0 0 0 4 2 1 0 0 1 0 
1 1 0 0 0 2 0 2 2 0 0 3 1 0 0 3 1 1 0 1 1 0 
0 0 1 1 3 2 0 0 0 0 2 4 1 0 2 2 1 1 0 1 3 3 
0 0 2 0 3 0 0 0 1 0 1 3 0 0 1 1 1 1 0 0 1 1 
0 2 1 0 1 0 1 1 0 2 1 3 1 0 2 2 1 2 1 0 2 0 
0 0 0 0 0 1 0 0 0 0 0 0 0 1 0 0 0 0 0 0 0 0 
0 1 0 1 1 0 0 1 1 1 0 1 1 1 1 0 0 1 0 0 0 0 
2 0 1 1 1 0 2 2 0 1 0 2 2 0 2 1 1 0 0 1 0 0 
2 1 1 0 0 0 1 1 2 0 0 1 0 2 0 1 0 0 0 2 0 0 
0 0 0 1 0 0 1 1 1 0 0 1 1 0 0 2 0 1 1 1 1 0 
2 1 0 2 2 1 2 1 0 0 0 3 2 0 1 1 0 1 0 0 1 0 
1 0 0 1 2 0 2 0 1 0 0 2 1 0 1 0 0 2 0 1 1 0 
3 1 1 1 0 0 0 1 0 0 0 1 2 1 2 1 1 1 0 0 1 0 
3 0 1 2 1 0 1 0 2 1 0 2 0 3 0 1 0 1 0 1 1 0 
1 1 0 1 1 0 3 0 1 1 0 2 1 1 0 2 0 0 1 2 0 0 
1 2 0 0 0 0 1 1 0 0 0 1 1 1 0 1 0 1 0 1 0 0 
1 2 0 1 0 1 2 0 1 0 0 0 0 0 0 1 0 2 1 0 1 0 
0 1 2 1 1 0 0 0 1 1 0 0 0 1 2 0 0 2 0 1 1 0 
0 1 1 0 0 1 1 0 3 0 1 1 0 0 2 2 1 1 1 2 1 0 
1 0 0 0 1 1 0 2 0 1 0 2 1 0 1 1 0 1 1 2 1 0 
0 1 0 1 1 0 0 1 1 1 0 1 0 0 1 2 0 2 1 1 1 0 
2 0 1 1 1 0 2 2 0 1 0 0 1 1 2 1 1 1 1 2 1 0 
0 0 0 1 0 0 1 1 1 0 0 1 0 1 0 0 0 0 0 0 0 0 
1 1 1 1 1 0 0 1 0 0 0 1 1 1 0 1 0 0 0 1 0 1 
2 1 1 1 0 0 0 1 0 1 0 1 1 1 1 0 0 0 0 0 0 1 
3 1 2 0 2 1 2 1 0 1 0 1 1 0 2 0 1 0 0 0 0 1 
1 1 1 0 1 1 1 0 1 0 0 0 0 0 0 1 0 1 1 2 1 1 
2 0 3 0 0 0 1 0 1 1 0 0 0 1 2 0 0 1 0 1 1 1 
1 2 0 1 1 1 0 1 0 0 0 0 1 0 0 0 1 1 0 1 0 0 
0 1 0 0 1 0 0 0 1 0 0 1 0 0 0 1 1 0 0 0 0 0 
2 2 1 0 1 0 2 1 0 0 0 2 1 1 1 0 2 1 0 1 0 0 
2 1 1 1 0 0 1 0 2 1 0 1 1 3 1 0 1 1 0 2 0 0 
0 2 0 0 0 0 1 0 1 1 0 1 0 1 1 1 1 2 1 1 1 0 
0 2 0 0 0 2 1 2 0 1 0 1 1 0 0 1 2 0 0 1 0 0 
1 1 2 1 1 2 2 1 1 0 0 2 0 0 2 0 2 1 0 1 1 0 
2 1 0 0 1 2 1 1 0 0 1 1 0 0 0 1 1 1 0 0 0 0 
1 0 0 1 1 1 1 0 1 0 1 0 1 0 0 0 1 2 0 1 0 0 
3 2 3 1 0 0 0 0 1 2 0 1 0 1 2 1 2 2 0 0 1 0 
2 2 1 1 1 4 0 0 1 0 1 3 1 0 1 0 1 1 0 2 2 0 
0 1 0 0 1 1 1 0 1 1 1 2 1 0 0 1 0 0 1 0 1 1 
0 1 1 1 0 0 0 0 0 1 1 2 2 0 1 1 1 0 1 0 0 1 
2 1 2 0 0 0 0 1 1 0 0 1 0 2 1 0 0 0 1 0 2 1 
0 1 1 0 0 0 0 1 0 0 1 2 1 1 0 0 0 1 1 0 0 1 
0 2 0 1 0 0 0 1 0 0 1 2 0 1 2 2 1 1 0 3 1 1 
1 0 2 0 1 0 0 1 1 0 1 1 1 1 2 2 1 1 1 0 0 0 
2 1 1 0 1 0 1 1 0 0 1 2 0 1 2 2 1 0 0 1 1 0 
2 1 1 1 1 1 2 0 0 0 0 1 1 0 2 1 2 1 0 0 2 0 
0 2 1 1 0 0 1 0 0 1 0 1 0 1 2 0 2 3 0 2 1 0 
1 0 1 1 0 1 0 1 0 1 0 0 0 0 2 1 2 1 1 2 2 0 
2 1 2 0 1 0 0 0 0 1 0 1 0 1 2 0 2 2 0 0 1 1 
1 2 1 0 0 1 0 0 0 0 0 2 0 0 1 0 3 3 0 1 1 0 
2 1 1 1 0 2 1 0 0 0 1 1 1 0 1 1 3 1 0 0 1 0 
0 1 1 2 1 0 2 0 1 1 0 1 1 0 1 0 1 2 0 1 0 0 
2 0 2 1 0 0 1 0 1 1 0 1 1 0 1 0 1 1 0 1 0 1 
0 1 1 1 1 1 0 0 0 1 1 2 1 0 1 0 1 2 0 0 0 0 
0 1 1 1 1 0 1 2 0 0 1 3 0 1 1 1 3 2 0 1 0 0 
1 0 1 1 1 0 1 1 0 0 2 1 1 1 0 0 0 1 0 1 0 0 
2 1 2 2 4 1 2 0 1 0 0 0 1 0 2 2 1 0 0 1 3 0 
1 0 2 0 3 1 0 1 1 1 0 1 0 0 2 0 1 0 1 1 3 0 
1 1 2 2 0 0 0 1 1 1 0 2 1 2 1 1 2 2 0 0 1 1 
3 1 2 1 1 1 1 0 0 1 2 1 1 0 2 0 1 2 0 0 2 0 
1 1 1 0 0 2 2 1 0 0 1 1 1 0 1 0 1 0 0 1 1 0 
1 2 0 1 0 0 1 0 0 1 0 1 0 0 0 1 2 1 0 1 0 1 
0 1 0 0 1 0 1 0 1 1 1 2 1 1 0 1 0 0 1 0 1 1 
1 0 1 1 1 0 0 0 1 0 0 2 1 1 1 1 0 0 1 1 2 0 
1 1 0 0 0 0 1 2 1 0 1 2 1 1 1 0 0 0 1 1 1 1 
0 0 1 1 0 0 0 2 1 1 0 2 1 3 0 0 0 0 1 0 2 0 
0 0 1 0 1 0 0 1 1 0 1 1 1 1 0 1 1 1 1 0 0 1 
2 1 0 0 1 0 2 2 0 0 1 0 0 0 1 0 2 0 1 1 0 1 
1 1 0 1 1 1 1 1 3 0 0 1 1 0 1 0 0 0 1 1 2 0 
2 0 1 0 1 3 1 1 1 0 1 1 1 0 0 2 1 0 0 2 1 0 
1 1 1 1 0 1 0 2 1 2 0 0 2 0 0 0 1 0 1 1 1 0 
1 0 2 1 0 0 2 1 0 0 1 1 0 1 2 0 0 1 1 0 2 1 
0 1 1 0 0 0 1 1 0 1 0 1 0 1 1 0 0 1 1 1 1 0 
0 1 0 0 1 1 1 1 1 0 1 0 3 0 1 1 2 0 2 2 0 1 
1 0 0 1 0 0 1 0 0 0 1 3 1 0 2 3 1 0 0 2 1 1 
0 0 1 1 0 0 0 2 1 0 1 2 1 3 0 0 0 0 1 1 2 0 
1 1 0 1 1 1 1 1 3 1 1 1 1 0 1 0 0 0 1 0 2 0 
0 2 0 0 0 1 0 2 1 1 0 0 2 0 1 2 0 0 0 3 2 0 
0 1 1 0 0 0 1 1 0 0 1 1 0 1 1 0 0 1 1 2 1 0 
1 0 1 1 0 0 0 1 0 1 0 2 1 2 2 1 2 2 0 1 1 0 
0 0 1 1 1 0 0 1 0 0 0 2 1 0 1 0 2 2 0 0 1 0 
1 1 1 0 1 1 0 0 0 0 0 1 0 0 1 1 2 4 0 1 1 0 
0 1 1 0 1 0 1 0 0 0 0 1 0 2 0 0 2 2 0 1 0 0 
0 1 1 0 1 0 1 0 1 0 0 1 0 2 0 0 2 1 0 1 0 0 
1 1 0 1 2 1 3 1 1 0 0 0 0 0 1 0 0 1 0 1 0 0 
0 0 1 1 0 0 2 0 0 0 0 1 1 1 1 0 1 0 0 0 1 0 
0 0 1 1 1 0 1 2 0 1 0 0 4 1 3 0 3 3 0 3 2 1 
2 2 3 0 0 1 1 0 2 2 0 1 0 0 2 1 0 2 3 1 0 4 
1 1 0 1 1 3 2 0 2 0 1 1 1 0 1 1 0 0 0 2 0 0 
2 2 0 0 0 1 1 1 0 2 0 0 2 0 1 1 0 0 1 1 0 0 
2 1 2 2 0 1 2 2 0 0 1 0 1 0 1 1 2 2 0 1 0 0 
1 0 2 0 3 0 0 1 1 1 0 3 1 2 2 2 1 1 0 0 2 0 
0 0 2 0 2 0 0 1 1 0 0 3 1 0 1 1 1 1 0 1 2 0 
1 1 2 1 2 1 0 0 0 0 0 2 0 0 1 2 1 2 0 0 2 0 
0 1 0 1 2 0 1 0 0 0 0 2 0 2 0 1 1 0 0 0 1 0 
1 1 1 1 0 0 0 1 0 2 0 0 0 1 1 1 2 2 1 0 1 1 
1 1 0 0 1 0 0 1 0 1 1 0 0 1 0 3 1 1 3 0 2 1 
0 0 1 0 0 0 0 2 1 0 2 1 1 0 0 0 2 1 1 2 1 1 
2 1 0 0 1 2 1 2 0 1 0 0 2 0 1 2 0 0 1 0 2 1 
2 2 1 1 1 0 0 1 0 2 1 0 1 0 0 1 1 1 1 0 1 0 
1 1 1 1 1 0 0 0 0 1 0 0 0 2 0 1 0 1 0 0 0 1 
1 1 1 1 1 0 0 0 1 1 0 0 0 2 0 1 0 0 0 0 0 1 
1 2 1 0 0 0 1 0 0 1 0 0 1 1 1 1 1 1 0 1 1 1 
2 1 0 0 1 1 1 2 0 1 0 0 0 0 1 2 0 1 1 0 0 1 
3 0 1 1 1 0 0 1 1 2 1 1 1 2 1 0 2 2 1 0 0 0 
3 4 3 1 0 1 2 0 2 3 0 2 0 0 2 0 2 3 3 2 0 3 
1 0 0 0 0 0 0 1 1 1 0 0 1 1 0 1 1 1 0 1 2 0 
3 1 3 3 3 0 1 1 1 1 1 0 1 1 2 0 2 1 0 0 2 0 
1 0 2 0 1 0 2 0 3 2 2 3 1 2 0 3 0 1 0 0 1 0 
1 0 0 0 1 0 1 1 0 1 1 0 0 2 0 3 1 1 4 0 0 1 
2 0 0 2 1 2 1 0 0 1 2 1 1 0 1 2 0 0 0 0 0 0 
1 1 0 2 2 0 0 0 0 1 0 1 0 2 0 0 1 1 0 1 1 1 
1 0 1 0 1 1 1 2 0 1 1 0 0 0 1 3 0 1 1 0 1 2 
1 1 0 1 1 1 0 1 0 2 2 0 1 0 0 2 1 0 1 0 2 1 
0 1 0 0 1 2 1 1 0 2 2 0 1 0 0 3 2 0 2 0 2 1 
0 0 1 1 1 0 1 0 0 1 0 0 1 1 2 2 1 1 0 1 1 0 
1 1 1 1 0 0 1 0 0 0 0 0 0 2 1 0 0 0 0 2 3 1 
1 1 0 0 1 0 0 0 0 0 1 0 1 1 1 2 1 1 0 0 2 1 
0 0 0 0 0 0 0 0 0 1 1 0 0 0 0 0 0 0 0 1 0 0 
0 0 1 0 1 0 1 0 1 0 1 1 0 1 1 2 1 0 1 1 1 1 
1 1 1 1 0 2 0 0 2 1 0 0 0 0 1 2 1 0 1 2 1 0 
0 0 0 0 1 0 0 1 0 1 0 0 0 3 1 0 2 3 1 0 1 0 
0 0 0 0 1 0 0 1 1 1 0 0 0 3 1 0 2 2 1 0 1 0 
1 0 1 2 0 0 0 1 0 0 1 0 1 0 1 0 1 1 1 0 1 1 
1 0 0 1 1 1 1 1 1 0 1 0 0 0 0 0 2 1 1 0 0 1 
2 0 0 0 0 2 1 1 1 0 1 0 0 0 0 1 0 0 1 1 2 0 
3 1 1 1 0 0 1 1 1 0 0 0 0 0 1 1 1 0 0 0 1 0 
1 0 0 0 1 0 1 1 3 1 0 1 2 1 3 1 2 3 3 2 1 1 
0 0 1 1 2 2 1 0 1 0 0 0 0 0 1 1 1 2 1 0 1 1 
0 0 2 2 1 1 0 0 0 0 0 0 1 0 0 1 0 2 1 0 0 1 
0 0 1 1 2 0 0 1 0 1 0 1 0 3 1 1 1 1 1 1 0 0 
1 0 0 0 1 0 1 0 2 0 0 1 3 1 1 0 2 0 3 2 3 1 
0 1 2 0 2 0 2 1 3 3 3 3 1 3 0 0 1 0 3 0 1 1 
0 1 0 0 0 0 1 0 0 0 0 0 0 1 0 0 0 0 1 0 2 0 
1 1 0 0 2 0 0 1 0 1 1 0 1 2 0 2 1 2 1 0 1 1 
1 1 0 0 2 0 0 1 1 1 1 0 1 2 0 2 1 1 1 0 1 1 
0 0 0 0 1 0 0 1 0 0 1 0 0 3 1 0 2 3 1 1 1 0 
0 0 0 0 1 0 0 1 1 0 1 0 0 3 1 0 2 2 1 1 1 0 
0 0 0 0 0 1 0 0 0 0 0 0 2 0 0 0 0 1 0 0 2 0 
1 1 0 0 2 1 1 0 1 0 0 1 1 0 0 0 0 2 1 1 1 0 
0 2 0 1 2 1 2 0 0 1 0 1 2 0 1 0 2 3 1 0 1 0 
2 0 0 0 0 2 1 1 1 1 0 0 0 0 0 1 0 0 1 2 2 0 
0 0 1 1 2 0 0 1 0 0 1 1 0 3 1 1 1 1 1 2 0 0 
0 0 2 0 2 1 1 0 1 0 1 1 1 0 0 1 0 2 1 1 2 1 
0 1 0 1 1 0 1 0 0 0 0 0 1 1 1 0 1 2 0 1 1 0 
0 1 0 1 1 0 1 0 1 0 0 0 1 1 1 0 1 1 0 1 1 0 
0 0 2 0 0 2 1 1 2 2 1 3 0 0 1 3 1 2 0 0 0 0 
0 0 1 1 3 0 0 0 0 0 0 1 0 0 0 1 1 2 0 1 1 0 
0 0 1 1 3 0 0 0 1 0 0 1 0 0 0 1 1 1 0 1 1 0 
1 1 0 0 1 0 2 0 2 0 0 1 3 0 1 0 2 0 4 2 1 1 
0 1 1 2 2 0 1 0 0 0 0 1 1 1 1 1 0 0 0 0 2 0 
1 1 0 1 0 0 1 0 1 1 0 0 1 0 1 0 2 1 0 1 0 0 
1 1 1 0 0 0 0 0 0 0 1 0 0 0 0 1 0 0 0 0 1 1 
0 0 2 0 2 0 3 1 3 3 3 3 1 4 0 0 1 0 4 0 1 1 

4669 4097 4408 3835 5129 5976 4789 4809 4912 5925 6159 6569 4154 5491 4961 5927 4920 5380 3062 4826 4948 2972 